3.309479057788848877e-01 2.662489116191864014e-01 1.783931702375411987e-01 4.054034650325775146e-01 2.176968604326248169e-01 4.368321299552917480e-01 2.146761417388916016e-01 4.531092345714569092e-01 2.221339568495750427e-02 1.465271711349487305e-01 3.560788035392761230e-01 2.122585028409957886e-01 6.233342289924621582e-01 4.717347323894500732e-01 6.456357240676879883e-01 3.259587585926055908e-01 1.638952791690826416e-01 5.007454156875610352e-01 2.471903413534164429e-01 5.444794893264770508e-01 4.827986657619476318e-01 6.537758111953735352e-01 2.415297627449035645e-01 3.531385958194732666e-01 2.946995198726654053e-01 2.204254269599914551e-01 2.260463126003742218e-02 1.393440663814544678e-01 1.122301071882247925e-01 1.103063747286796570e-01 2.566700875759124756e-01 4.648467302322387695e-01 2.612978816032409668e-01 1.908799409866333008e-01 3.001868426799774170e-01 4.284699261188507080e-01 4.474430680274963379e-01 1.642203181982040405e-01 2.620286941528320312e-01 2.303509563207626343e-01 3.275432586669921875e-01 1.880090981721878052e-01 4.403514564037322998e-01 2.765203714370727539e-01 1.258872300386428833e-01 1.068363115191459656e-01 2.757489085197448730e-01 3.735809624195098877e-01 3.629862964153289795e-01 2.452316135168075562e-01 5.871834754943847656e-01 2.001806348562240601e-01 3.471510410308837891e-01 3.099581301212310791e-01 2.239783853292465210e-01 2.135926187038421631e-01 6.327502429485321045e-02 3.686011433601379395e-01 1.428827941417694092e-01 2.466032952070236206e-01 5.681554079055786133e-01 3.277119100093841553e-01 2.913100421428680420e-01 4.319747090339660645e-01 1.137761548161506653e-01 4.740554392337799072e-01 9.818282723426818848e-02 2.576740682125091553e-01 4.894613325595855713e-01 4.576148986816406250e-01 3.200966715812683105e-01 7.620600610971450806e-02 6.016153469681739807e-02 4.839183390140533447e-01 1.201979741454124451e-01 1.275753974914550781e-01 2.202314734458923340e-01 4.776685237884521484e-01 2.490992993116378784e-01 1.820996552705764771e-01 4.988027811050415039e-01 6.451082825660705566e-01 3.212586343288421631e-01 3.608947694301605225e-01 2.664958536624908447e-01 8.120489716529846191e-01 2.585172653198242188e-01 2.735475599765777588e-01 3.024473786354064941e-01 9.445596486330032349e-02 3.892350792884826660e-01 2.388991117477416992e-01 5.836929678916931152e-01 3.369328081607818604e-01 9.385569393634796143e-02 2.469400912523269653e-01 2.887223362922668457e-01 1.996744722127914429e-01 3.667881190776824951e-01 1.312480568885803223e-01
2.662489116191864014e-01 5.914901942014694214e-02 3.540759682655334473e-01 8.779946714639663696e-02 3.631436228752136230e-01 1.726595014333724976e-01 1.822263598442077637e-01 6.951813697814941406e-01 4.690364003181457520e-01 3.053753972053527832e-01 1.965369433164596558e-01 9.384880959987640381e-02 4.882538020610809326e-01 3.596012890338897705e-01 2.585924863815307617e-01 5.216242745518684387e-02 2.954209446907043457e-01 1.263887584209442139e-01 3.006927073001861572e-01 2.478117048740386963e-01 5.673842430114746094e-01 3.094581067562103271e-01 2.450437694787979126e-01 3.335475623607635498e-01 3.103060424327850342e-01 4.069378077983856201e-01 2.936720550060272217e-01 2.483249902725219727e-01 3.281702101230621338e-01 3.518547415733337402e-01 7.066299915313720703e-01 3.190458416938781738e-01 3.241439163684844971e-01 4.571762681007385254e-01 2.938951551914215088e-01 8.227165788412094116e-02 3.239855170249938965e-01 3.119190931320190430e-01 3.635991513729095459e-01 4.408594071865081787e-01 3.186178207397460938e-01 4.026573300361633301e-01 2.736594676971435547e-01 2.537313997745513916e-01 4.695920050144195557e-01 4.093843400478363037e-01 6.092836856842041016e-01 3.193134665489196777e-01 1.782899945974349976e-01 2.858067750930786133e-01 6.358841806650161743e-02 4.132795929908752441e-01 5.971758365631103516e-01 8.721525967121124268e-02 3.490066528320312500e-01 5.703043937683105469e-01 4.195520579814910889e-01 2.052849233150482178e-01 1.591810584068298340e-01 3.408163785934448242e-01 1.948574036359786987e-01 1.921543926000595093e-01 2.433964163064956665e-01 2.791212499141693115e-01 3.383314907550811768e-01 6.984626650810241699e-01 4.884600937366485596e-01 6.522448062896728516e-01 1.308051347732543945e-01 1.017009913921356201e-01 3.474271595478057861e-01 5.737512707710266113e-01 3.874390721321105957e-01 2.820148766040802002e-01 1.902257055044174194e-01 3.836461007595062256e-01 5.298599600791931152e-01 2.712531387805938721e-01 1.837276667356491089e-01 2.519028782844543457e-01 4.675986468791961670e-01 2.567858994007110596e-01 3.317162096500396729e-01 6.854090690612792969e-01 2.436383664608001709e-01 4.148829579353332520e-01 1.388222128152847290e-01 1.841071993112564087e-01 6.748685836791992188e-01 5.134658217430114746e-01 5.103024244308471680e-01 3.040313124656677246e-01 7.043597847223281860e-02 2.351029813289642334e-01 5.883277580142021179e-02 3.513168990612030029e-01 1.855811178684234619e-01 2.559177279472351074e-01 1.796799898147583008e-01 3.639200031757354736e-01
1.783931702375411987e-01 3.540759682655334473e-01 6.530968844890594482e-02 7.722122967243194580e-02 2.317842841148376465e-01 1.811245977878570557e-01 3.894670605659484863e-01 3.611954748630523682e-01 2.480029910802841187e-01 3.666694462299346924e-01 4.513519704341888428e-01 1.377101242542266846e-01 3.676781058311462402e-01 2.921905815601348877e-01 4.908155798912048340e-01 3.103803992271423340e-01 6.567555665969848633e-01 2.632314860820770264e-01 3.362104594707489014e-01 4.047721028327941895e-01 3.704163432121276855e-01 4.716631174087524414e-01 1.040767282247543335e-01 2.988759577274322510e-01 2.314755320549011230e-01 2.318417429924011230e-01 3.596851229667663574e-01 2.597594559192657471e-01 2.007075250148773193e-01 4.210707545280456543e-01 4.412521123886108398e-01 4.055840969085693359e-01 2.344411164522171021e-01 3.133674263954162598e-01 2.495440989732742310e-01 5.690723657608032227e-01 4.956203401088714600e-01 2.990985512733459473e-01 5.683244466781616211e-01 2.458207905292510986e-01 7.588563114404678345e-02 2.791651487350463867e-01 2.772175371646881104e-01 4.621542990207672119e-01 2.502689957618713379e-01 3.614945113658905029e-01 1.044418066740036011e-01 2.345194667577743530e-01 3.602841496467590332e-01 1.726614832878112793e-01 2.291966080665588379e-01 5.637498497962951660e-01 2.799230217933654785e-01 3.653687834739685059e-01 4.947195649147033691e-01 6.954617500305175781e-01 1.808001399040222168e-01 6.273367404937744141e-01 1.999028325080871582e-01 5.235832333564758301e-01 3.401222229003906250e-01 2.815591394901275635e-01 3.092494308948516846e-01 3.811458647251129150e-01 1.339252945035696030e-02 1.155731976032257080e-01 4.823398292064666748e-01 3.367435038089752197e-01 1.387928128242492676e-01 4.036096036434173584e-01 1.202178299427032471e-01 2.788632810115814209e-01 3.063434064388275146e-01 1.286054402589797974e-01 1.089223921298980713e-01 2.583756744861602783e-01 3.010641932487487793e-01 3.434077799320220947e-01 1.510585844516754150e-01 2.669195234775543213e-01 1.685022115707397461e-01 1.644093245267868042e-01 3.219429850578308105e-01 4.085056483745574951e-01 2.458141893148422241e-01 4.954909682273864746e-01 2.275914847850799561e-01 3.689277768135070801e-01 2.405422180891036987e-01 4.814972728490829468e-02 4.931067526340484619e-01 1.646550148725509644e-01 6.207266449928283691e-01 3.552684783935546875e-01 3.767923116683959961e-01 2.578072249889373779e-01 3.410053253173828125e-01 4.420237243175506592e-01 5.843104049563407898e-02 1.218214705586433411e-01
4.054034650325775146e-01 8.779946714639663696e-02 7.722122967243194580e-02 2.398336529731750488e-01 8.993192762136459351e-02 2.796658277511596680e-01 1.825359463691711426e-01 4.688743129372596741e-02 3.369042277336120605e-01 2.119380384683609009e-01 3.188582360744476318e-01 3.090175688266754150e-01 5.865572690963745117e-01 2.037495374679565430e-01 3.464863300323486328e-01 5.013996362686157227e-01 2.579447031021118164e-01 6.638036370277404785e-01 2.045125961303710938e-01 3.493683338165283203e-01 5.987684130668640137e-01 4.083642065525054932e-01 1.694831699132919312e-01 4.628898501396179199e-01 2.722660005092620850e-01 2.650850713253021240e-01 1.841492950916290283e-01 4.305397272109985352e-01 4.464846253395080566e-01 6.039001345634460449e-01 3.949114382266998291e-01 3.989065885543823242e-01 4.673272073268890381e-01 2.343765944242477417e-01 4.881904721260070801e-01 5.083011984825134277e-01 6.211973428726196289e-01 3.241085112094879150e-01 5.518485903739929199e-01 2.909252941608428955e-01 1.754980981349945068e-01 1.265998035669326782e-01 2.794069647789001465e-01 6.143711805343627930e-01 3.594059050083160400e-01 3.819002509117126465e-01 5.058367252349853516e-01 4.401404559612274170e-01 1.432136446237564087e-01 3.219952881336212158e-01 2.778967618942260742e-01 2.147615849971771240e-01 3.989779949188232422e-01 1.847197860479354858e-01 3.100625276565551758e-01 3.355789184570312500e-01 6.206297278404235840e-01 4.613510966300964355e-01 3.818315267562866211e-01 3.438779711723327637e-01 6.585208177566528320e-01 5.171303153038024902e-01 2.211592644453048706e-01 3.364520668983459473e-01 1.278221905231475830e-01 3.599934279918670654e-01 2.232860177755355835e-01 3.408448398113250732e-01 1.642832309007644653e-01 2.945530116558074951e-01 2.874443233013153076e-01 2.475908994674682617e-01 2.258812487125396729e-01 2.578761875629425049e-01 4.672529399394989014e-01 2.176401168107986450e-01 6.044603586196899414e-01 3.724045157432556152e-01 4.229478240013122559e-01 3.232873678207397461e-01 5.560641884803771973e-01 3.634116351604461670e-01 9.813903272151947021e-02 3.108088076114654541e-01 4.449889361858367920e-01 6.439344882965087891e-01 3.582936227321624756e-01 2.718408703804016113e-01 5.234771370887756348e-01 1.815190911293029785e-01 3.540982902050018311e-01 5.293416380882263184e-01 9.756096452474594116e-02 1.846261918544769287e-01 1.228428110480308533e-01 8.752773702144622803e-02 3.496714830398559570e-01 5.698875784873962402e-01 7.641629129648208618e-02 2.766695618629455566e-01
2.176968604326248169e-01 3.631436228752136230e-01 2.317842841148376465e-01 8.993192762136459351e-02 7.400558590888977051e-01 5.818365514278411865e-02 1.365763247013092041e-01 4.341932833194732666e-01 3.786934912204742432e-01 2.516432404518127441e-01 2.860651612281799316e-01 4.615701138973236084e-01 2.648035287857055664e-01 9.534280747175216675e-02 2.269406914710998535e-01 1.366974115371704102e-01 4.190766811370849609e-01 9.661461412906646729e-02 2.344220131635665894e-01 2.138153165578842163e-01 1.806030571460723877e-01 4.613162875175476074e-01 1.481018811464309692e-01 6.572457551956176758e-01 1.909360736608505249e-01 2.376107722520828247e-01 3.893977701663970947e-01 1.759016960859298706e-01 1.770426630973815918e-01 3.719398379325866699e-01 8.710818737745285034e-02 8.082278817892074585e-02 1.218117997050285339e-01 7.805455923080444336e-01 3.704930245876312256e-01 5.257070064544677734e-01 1.523666232824325562e-01 1.901555210351943970e-01 3.446266353130340576e-01 3.357100784778594971e-01 2.644021213054656982e-01 4.062712788581848145e-01 3.643724620342254639e-01 3.020454347133636475e-01 4.391277432441711426e-01 3.649284541606903076e-01 5.152700543403625488e-01 3.546946942806243896e-01 4.645290970802307129e-02 3.772220015525817871e-01 3.604840040206909180e-01 1.362621933221817017e-01 3.350002169609069824e-01 1.114887669682502747e-01 6.982616186141967773e-01 3.794962465763092041e-01 4.072862863540649414e-01 4.176976978778839111e-01 4.927259385585784912e-01 1.551299244165420532e-01 5.132351517677307129e-01 3.541522324085235596e-01 2.917968034744262695e-01 2.468893826007843018e-01 1.955558657646179199e-01 3.730644285678863525e-01 3.382473289966583252e-01 7.153619527816772461e-01 1.620175987482070923e-01 5.724343061447143555e-01 3.510650992393493652e-01 3.521867096424102783e-01 5.470104813575744629e-01 1.373010128736495972e-01 6.026059389114379883e-01 9.012697637081146240e-02 2.578972876071929932e-01 2.357725650072097778e-01 3.092063069343566895e-01 4.267061352729797363e-01 1.591694802045822144e-01 3.631746470928192139e-01 1.242974177002906799e-01 3.632670640945434570e-01 3.561109304428100586e-01 3.318255245685577393e-01 2.287611924111843109e-02 1.989897191524505615e-01 5.072351694107055664e-01 5.695980787277221680e-01 6.324701905250549316e-01 4.582616090774536133e-01 2.210622429847717285e-01 3.778501749038696289e-01 5.664013624191284180e-01 1.744531095027923584e-01 3.373826742172241211e-01 9.235927462577819824e-02 1.213528886437416077e-01 1.782132685184478760e-01
4.368321299552917480e-01 1.726595014333724976e-01 1.811245977878570557e-01 2.796658277511596680e-01 5.818365514278411865e-02 8.180365562438964844e-01 6.081007122993469238e-01 3.573443293571472168e-01 6.198702454566955566e-01 4.089428484439849854e-01 2.178758233785629272e-01 3.641136288642883301e-01 1.879608035087585449e-01 5.137609243392944336e-01 2.136962413787841797e-01 9.217466413974761963e-02 2.574925124645233154e-01 9.445384144783020020e-02 5.120021700859069824e-01 1.915027052164077759e-01 3.296217620372772217e-01 4.039203524589538574e-01 2.655465304851531982e-01 4.130191802978515625e-01 3.241638839244842529e-01 1.974512636661529541e-01 3.158629834651947021e-01 3.616658151149749756e-01 6.447950005531311035e-01 4.622634053230285645e-01 3.809912204742431641e-01 4.268805682659149170e-01 7.383753359317779541e-02 5.512315630912780762e-01 7.461751699447631836e-01 1.830512732267379761e-01 2.643471062183380127e-01 2.373550832271575928e-01 2.747564315795898438e-01 4.358927905559539795e-01 7.184593379497528076e-02 2.861021459102630615e-01 5.847524404525756836e-01 3.594432473182678223e-01 3.390512764453887939e-01 2.988548576831817627e-01 2.645828127861022949e-01 2.104179859161376953e-01 2.146989256143569946e-01 1.484819650650024414e-01 4.687020182609558105e-01 4.666257202625274658e-01 4.022541344165802002e-01 2.545202672481536865e-01 5.236657261848449707e-01 9.603259712457656860e-02 3.278765678405761719e-01 3.720614612102508545e-01 6.062946319580078125e-01 5.209468007087707520e-01 1.985357850790023804e-01 5.043655037879943848e-01 3.007180690765380859e-01 1.598543226718902588e-01 5.323531627655029297e-01 3.007257282733917236e-01 2.138076424598693848e-01 4.252074360847473145e-01 2.912285029888153076e-01 3.999660313129425049e-01 7.050067782402038574e-01 2.464412599802017212e-01 3.383896350860595703e-01 2.782919406890869141e-01 3.673734664916992188e-01 1.753530800342559814e-01 1.385744065046310425e-01 9.474423527717590332e-02 2.719968557357788086e-01 5.564610958099365234e-01 2.225556522607803345e-01 3.516665995121002197e-01 2.754167914390563965e-01 4.840087890625000000e-01 5.769156217575073242e-01 1.835108697414398193e-01 3.483479321002960205e-01 3.369133770465850830e-01 1.559617221355438232e-01 2.095929235219955444e-01 5.559589266777038574e-01 3.960193097591400146e-01 1.527993232011795044e-01 5.996773838996887207e-01 2.374661415815353394e-01 1.976249739527702332e-02 2.832979857921600342e-01 4.346650540828704834e-01 3.384384512901306152e-01 3.480599224567413330e-01
2.146761417388916016e-01 1.822263598442077637e-01 3.894670605659484863e-01 1.825359463691711426e-01 1.365763247013092041e-01 6.081007122993469238e-01 1.770679652690887451e-01 1.458416879177093506e-01 4.380426406860351562e-01 5.758669972419738770e-01 2.467893213033676147e-01 3.339130878448486328e-01 3.003105521202087402e-01 3.814077675342559814e-01 1.558439880609512329e-01 3.401648402214050293e-01 3.302921950817108154e-01 2.088459730148315430e-01 6.088371276855468750e-01 1.555630564689636230e-01 4.854661226272583008e-01 4.034742712974548340e-01 1.298639923334121704e-01 3.014327883720397949e-01 1.867031008005142212e-01 7.102856636047363281e-01 2.480612993240356445e-01 2.579175829887390137e-01 1.007490903139114380e-01 2.483038306236267090e-01 2.251485586166381836e-01 6.413729190826416016e-01 3.217576146125793457e-01 7.443275451660156250e-01 6.723815202713012695e-02 2.801211178302764893e-01 5.567971467971801758e-01 7.695696353912353516e-01 3.403770923614501953e-01 5.452842116355895996e-01 1.481599807739257812e-01 1.342740505933761597e-01 4.566307663917541504e-01 3.519413173198699951e-01 5.227977633476257324e-01 1.720103174448013306e-01 2.150982171297073364e-01 3.496243953704833984e-01 2.536803185939788818e-01 5.543059110641479492e-01 1.787168681621551514e-01 4.863426685333251953e-01 3.838184773921966553e-01 5.011600255966186523e-01 1.430395245552062988e-01 2.814410626888275146e-01 4.773654341697692871e-01 4.075854122638702393e-01 4.783519208431243896e-01 2.452335059642791748e-01 3.377652466297149658e-01 6.927873939275741577e-02 3.516128361225128174e-01 5.115115642547607422e-01 6.380425691604614258e-01 3.447602987289428711e-01 7.068528234958648682e-02 3.302799761295318604e-01 5.327126979827880859e-01 3.751806616783142090e-01 2.847581505775451660e-01 3.661406040191650391e-01 4.640141427516937256e-01 8.659951090812683105e-01 4.178010821342468262e-01 3.614356815814971924e-01 9.995445013046264648e-01 5.980085730552673340e-01 1.672638058662414551e-01 4.481168389320373535e-01 2.115710228681564331e-01 4.979883730411529541e-01 2.861301600933074951e-01 3.867394328117370605e-01 4.138984978199005127e-01 3.305515944957733154e-01 1.467519104480743408e-01 2.997981905937194824e-01 2.502670288085937500e-01 3.101399838924407959e-01 3.169103860855102539e-01 2.993803918361663818e-01 9.361171722412109375e-02 4.515995085239410400e-01 4.066762328147888184e-01 4.604027867317199707e-01 5.135810375213623047e-01 4.220385253429412842e-01 4.361089766025543213e-01 3.449669778347015381e-01
4.531092345714569092e-01 6.951813697814941406e-01 3.611954748630523682e-01 4.688743129372596741e-02 4.341932833194732666e-01 3.573443293571472168e-01 1.458416879177093506e-01 3.171795010566711426e-01 5.515837073326110840e-01 5.487816929817199707e-01 3.934240043163299561e-01 5.189749002456665039e-01 3.499178290367126465e-01 7.043083310127258301e-01 2.611176669597625732e-01 1.228091344237327576e-01 1.855463683605194092e-01 3.368618190288543701e-01 7.356606125831604004e-01 2.015090137720108032e-01 3.636238276958465576e-01 3.449022173881530762e-01 1.840410977602005005e-01 3.848933577537536621e-01 3.867596983909606934e-01 5.300632119178771973e-01 2.376845031976699829e-01 2.828782498836517334e-01 2.599878609180450439e-01 3.070352077484130859e-01 2.171763032674789429e-01 2.707299888134002686e-01 3.751071989536285400e-01 5.412055850028991699e-01 7.774981111288070679e-02 1.817979067564010620e-01 3.280472457408905029e-01 4.285853803157806396e-01 2.460463494062423706e-01 1.966340690851211548e-01 2.734186947345733643e-01 2.540053129196166992e-01 2.542416155338287354e-01 1.540161669254302979e-01 2.078573703765869141e-01 1.602309793233871460e-01 2.475460469722747803e-01 5.741333961486816406e-01 5.000876784324645996e-01 5.673730373382568359e-01 2.100622206926345825e-01 9.025683999061584473e-02 3.336859643459320068e-01 3.266360759735107422e-01 5.861147046089172363e-01 4.917248189449310303e-01 2.192853242158889771e-01 9.387943893671035767e-02 1.411025077104568481e-01 3.683544099330902100e-01 6.599971055984497070e-01 7.044380307197570801e-01 6.474314928054809570e-01 1.560639590024948120e-01 1.861934512853622437e-01 1.912760585546493530e-01 2.349252849817276001e-01 4.374805986881256104e-01 2.436456382274627686e-01 4.461359083652496338e-01 3.473757803440093994e-01 1.750686466693878174e-01 3.010136485099792480e-01 2.126254290342330933e-01 1.205116957426071167e-01 2.607786655426025391e-01 5.991069078445434570e-01 3.362426757812500000e-01 4.028115868568420410e-01 4.209692180156707764e-01 1.617683917284011841e-01 3.984436392784118652e-01 7.870254516601562500e-01 3.405745923519134521e-01 6.450627446174621582e-01 2.108895182609558105e-01 3.060403466224670410e-01 5.019110441207885742e-01 6.085740327835083008e-01 1.962825804948806763e-01 4.348135292530059814e-01 4.574784636497497559e-01 3.291745483875274658e-01 2.794819176197052002e-01 3.130864799022674561e-01 1.950789541006088257e-01 5.585016012191772461e-01 2.536872923374176025e-01 2.360808849334716797e-01 3.480550646781921387e-01
2.221339568495750427e-02 4.690364003181457520e-01 2.480029910802841187e-01 3.369042277336120605e-01 3.786934912204742432e-01 6.198702454566955566e-01 4.380426406860351562e-01 5.515837073326110840e-01 1.706239432096481323e-01 1.339364498853683472e-01 5.629138946533203125e-01 3.360206186771392822e-01 4.572858214378356934e-01 3.870452344417572021e-01 6.803427338600158691e-01 3.821982145309448242e-01 3.285035789012908936e-01 5.186775326728820801e-01 3.670710027217864990e-01 3.643631935119628906e-01 1.549680083990097046e-01 4.055748879909515381e-01 2.275933474302291870e-01 2.166536599397659302e-01 1.257944852113723755e-01 3.258286118507385254e-01 2.609826326370239258e-01 4.728612303733825684e-01 1.021646782755851746e-01 1.256863474845886230e-01 3.292377889156341553e-01 2.828834056854248047e-01 2.354270219802856445e-01 5.771555900573730469e-01 6.979328393936157227e-01 3.992023169994354248e-01 3.326453566551208496e-01 9.157366305589675903e-02 3.916422128677368164e-01 4.603726267814636230e-01 5.314249992370605469e-01 4.852693378925323486e-01 4.215848445892333984e-01 2.909238636493682861e-01 1.495160758495330811e-01 2.980447709560394287e-01 2.727433145046234131e-01 2.709689736366271973e-01 3.194254934787750244e-01 3.410563468933105469e-01 8.955588191747665405e-02 3.289079070091247559e-01 4.577771425247192383e-01 2.919185161590576172e-01 6.532751321792602539e-01 7.969756722450256348e-01 4.590081274509429932e-01 4.282279610633850098e-01 1.078478321433067322e-01 3.730416893959045410e-01 1.096552684903144836e-01 5.330473780632019043e-01 3.246458470821380615e-01 6.126334071159362793e-01 2.228219360113143921e-01 3.025724589824676514e-01 1.701042056083679199e-01 3.012061119079589844e-01 5.854484066367149353e-02 2.854705750942230225e-01 3.795198500156402588e-01 4.411014616489410400e-01 2.879548668861389160e-01 3.124176859855651855e-01 3.614892065525054932e-01 4.106803238391876221e-01 3.360938727855682373e-01 2.097740620374679565e-01 2.113233953714370728e-01 2.978186607360839844e-01 3.718884885311126709e-01 1.470876038074493408e-01 2.102904766798019409e-01 2.852664291858673096e-01 1.869872510433197021e-01 3.883007466793060303e-01 1.375045180320739746e-01 1.929866224527359009e-01 3.239856660366058350e-01 3.281216919422149658e-01 1.165831536054611206e-01 2.895664870738983154e-01 4.633701145648956299e-01 5.298446416854858398e-01 2.592163085937500000e-01 4.119538664817810059e-01 1.684088557958602905e-01 1.552574634552001953e-01 1.885555684566497803e-01 3.281110823154449463e-01
1.465271711349487305e-01 3.053753972053527832e-01 3.666694462299346924e-01 2.119380384683609009e-01 2.516432404518127441e-01 4.089428484439849854e-01 5.758669972419738770e-01 5.487816929817199707e-01 1.339364498853683472e-01 5.612424015998840332e-01 4.867621958255767822e-01 2.138541042804718018e-01 1.780506968498229980e-01 4.668050706386566162e-01 4.217101335525512695e-01 2.572086751461029053e-01 5.540791153907775879e-02 2.633734643459320068e-01 3.059735596179962158e-01 4.103462696075439453e-01 2.614555358886718750e-01 5.315659046173095703e-01 2.537932991981506348e-01 5.892778635025024414e-01 4.509009793400764465e-02 2.393945753574371338e-01 1.596160531044006348e-01 2.510609626770019531e-01 2.312945574522018433e-01 1.256130337715148926e-01 3.813671469688415527e-01 2.114080339670181274e-01 9.092263132333755493e-02 3.865184783935546875e-01 4.972305893898010254e-01 3.768309652805328369e-01 2.906542420387268066e-01 1.629364192485809326e-01 2.529937922954559326e-01 3.016216456890106201e-01 3.531686067581176758e-01 2.085206508636474609e-01 2.287116348743438721e-01 1.037496924400329590e-01 5.924229621887207031e-01 2.305284440517425537e-01 2.339899837970733643e-01 1.870075464248657227e-01 3.996298015117645264e-01 1.583665907382965088e-01 3.589039146900177002e-01 5.198089480400085449e-01 2.724159657955169678e-01 2.902285754680633545e-01 5.940275192260742188e-01 2.273923307657241821e-01 3.381560444831848145e-01 4.225660562515258789e-01 5.209066867828369141e-01 2.284650206565856934e-01 3.326628208160400391e-01 3.030484914779663086e-01 1.748815476894378662e-01 2.395056039094924927e-01 1.558379456400871277e-02 3.802899718284606934e-01 3.067558705806732178e-01 2.935074567794799805e-01 3.581602573394775391e-01 2.342887073755264282e-01 4.656145572662353516e-01 3.105942308902740479e-01 5.279620289802551270e-01 2.131257206201553345e-01 4.730869531631469727e-01 3.509536981582641602e-01 5.400109291076660156e-01 3.391691744327545166e-01 3.134744465351104736e-01 4.262504577636718750e-01 2.703759372234344482e-01 1.553987562656402588e-01 2.986426949501037598e-01 2.480891793966293335e-01 2.019864618778228760e-01 5.326189473271369934e-02 1.260920166969299316e-01 4.820994734764099121e-01 3.168071806430816650e-01 4.654957056045532227e-01 4.829080998897552490e-01 1.285986453294754028e-01 1.274690479040145874e-01 3.061131834983825684e-01 3.645651936531066895e-01 1.176819503307342529e-01 1.780880540609359741e-01 3.846555650234222412e-01 4.847397208213806152e-01 3.401932418346405029e-01
3.560788035392761230e-01 1.965369433164596558e-01 4.513519704341888428e-01 3.188582360744476318e-01 2.860651612281799316e-01 2.178758233785629272e-01 2.467893213033676147e-01 3.934240043163299561e-01 5.629138946533203125e-01 4.867621958255767822e-01 6.507599949836730957e-01 3.144490420818328857e-01 3.199246227741241455e-01 1.421010494232177734e-01 1.595163941383361816e-01 1.398351937532424927e-01 2.630342543125152588e-01 1.702075600624084473e-01 2.145456522703170776e-01 3.758534193038940430e-01 2.007827162742614746e-01 2.802866101264953613e-01 2.361672073602676392e-01 2.900150418281555176e-01 2.460161149501800537e-01 7.146318256855010986e-02 1.473377794027328491e-01 3.774189949035644531e-01 2.300011664628982544e-01 1.978095918893814087e-01 4.005511999130249023e-01 4.354450106620788574e-02 1.374121606349945068e-01 2.505961358547210693e-01 3.050735592842102051e-01 3.669649660587310791e-01 3.914088308811187744e-01 3.678150773048400879e-01 2.702572010457515717e-02 2.221315801143646240e-01 2.406539618968963623e-01 3.279032409191131592e-01 3.147363960742950439e-01 2.558959424495697021e-01 1.922404170036315918e-01 1.655303686857223511e-01 4.554886519908905029e-01 3.980942964553833008e-01 1.807180941104888916e-01 8.271645009517669678e-02 3.226850032806396484e-01 4.252386391162872314e-01 4.788595438003540039e-01 1.898054629564285278e-01 4.930497407913208008e-01 4.296500980854034424e-01 2.633079588413238525e-01 2.621106505393981934e-01 2.588990926742553711e-01 3.801763951778411865e-01 1.268176287412643433e-01 5.527074337005615234e-01 3.816612958908081055e-01 3.439294695854187012e-01 6.608504652976989746e-01 3.234950602054595947e-01 2.109571099281311035e-01 1.099153980612754822e-01 3.323943912982940674e-02 1.985384821891784668e-01 1.720754504203796387e-01 7.469345927238464355e-01 2.797672748565673828e-01 1.353648155927658081e-01 2.755298316478729248e-01 6.263896226882934570e-01 2.989138960838317871e-01 2.282599061727523804e-01 2.860601544380187988e-01 2.605588734149932861e-01 4.973181486129760742e-01 2.851461470127105713e-01 2.827114164829254150e-01 1.853399723768234253e-01 9.267389774322509766e-02 3.499787747859954834e-01 4.730674251914024353e-02 3.006539046764373779e-01 3.509295284748077393e-01 8.597845584154129028e-02 1.813458651304244995e-01 3.101376295089721680e-01 5.120880007743835449e-01 3.327534496784210205e-01 6.168414354324340820e-01 5.169377326965332031e-01 4.235945940017700195e-01 3.321627974510192871e-01 4.830354154109954834e-01 2.774185240268707275e-01
2.122585028409957886e-01 9.384880959987640381e-02 1.377101242542266846e-01 3.090175688266754150e-01 4.615701138973236084e-01 3.641136288642883301e-01 3.339130878448486328e-01 5.189749002456665039e-01 3.360206186771392822e-01 2.138541042804718018e-01 3.144490420818328857e-01 6.604303717613220215e-01 4.307695329189300537e-01 6.665871739387512207e-01 5.038715600967407227e-01 2.609789669513702393e-01 2.988870441913604736e-01 1.976416260004043579e-01 3.403385877609252930e-01 2.441905736923217773e-01 2.569159865379333496e-01 4.854025244712829590e-01 6.316959857940673828e-01 2.076101005077362061e-01 5.281538367271423340e-01 4.961850643157958984e-01 2.030424773693084717e-01 6.332492232322692871e-01 2.996086478233337402e-01 5.201027393341064453e-01 3.253608942031860352e-01 3.492306172847747803e-01 2.629887461662292480e-01 4.390998184680938721e-01 2.676692306995391846e-01 1.707173287868499756e-01 3.401967287063598633e-01 3.031273186206817627e-01 4.168612360954284668e-01 3.736225962638854980e-01 8.668674826622009277e-01 9.529739618301391602e-02 5.041733384132385254e-01 9.370170533657073975e-02 3.797421753406524658e-01 1.379700750112533569e-01 2.519478499889373779e-01 7.472277283668518066e-01 7.241255044937133789e-02 4.749217331409454346e-01 1.266533434391021729e-01 2.674879133701324463e-01 5.096559524536132812e-01 2.053744196891784668e-01 8.134601265192031860e-02 4.504128694534301758e-01 3.111726641654968262e-01 2.645663022994995117e-01 3.654155433177947998e-01 2.598587274551391602e-01 5.462934374809265137e-01 7.635516524314880371e-01 2.901935279369354248e-01 3.858492076396942139e-01 4.627008438110351562e-01 4.647516608238220215e-01 3.011927902698516846e-01 2.532968819141387939e-01 5.646606087684631348e-01 1.120363250374794006e-01 4.406376779079437256e-01 2.427884936332702637e-01 3.577964603900909424e-01 2.642222940921783447e-01 4.042631089687347412e-01 4.759047031402587891e-01 4.468167722225189209e-01 5.265701413154602051e-01 2.815886139869689941e-01 4.792264997959136963e-01 4.079364240169525146e-01 6.121078729629516602e-01 4.452318847179412842e-01 2.604522705078125000e-01 4.791727662086486816e-01 4.748767912387847900e-01 5.630807280540466309e-01 3.392461240291595459e-01 2.733719348907470703e-01 4.662471413612365723e-01 2.015091329813003540e-01 3.642099499702453613e-01 4.582770764827728271e-01 1.133034750819206238e-01 1.894920468330383301e-01 6.168547868728637695e-01 1.863814145326614380e-01 3.467835783958435059e-01 2.325862497091293335e-01 4.801765382289886475e-01
6.233342289924621582e-01 4.882538020610809326e-01 3.676781058311462402e-01 5.865572690963745117e-01 2.648035287857055664e-01 1.879608035087585449e-01 3.003105521202087402e-01 3.499178290367126465e-01 4.572858214378356934e-01 1.780506968498229980e-01 3.199246227741241455e-01 4.307695329189300537e-01 8.932087421417236328e-01 3.435277640819549561e-01 2.180135697126388550e-01 3.424623906612396240e-01 2.496407479047775269e-01 3.406843245029449463e-01 4.398228526115417480e-01 3.221687078475952148e-01 2.454748898744583130e-01 2.986879646778106689e-01 2.303825020790100098e-01 2.293159365653991699e-01 2.435694485902786255e-01 3.972805142402648926e-01 5.488699302077293396e-02 3.703793287277221680e-01 2.193581163883209229e-01 3.511866331100463867e-01 4.401884973049163818e-01 5.036849379539489746e-01 4.166866838932037354e-02 3.117405772209167480e-01 2.163420319557189941e-01 4.769167304039001465e-02 6.963491439819335938e-01 2.056118696928024292e-01 4.305994808673858643e-01 2.639741599559783936e-01 2.545446753501892090e-01 1.428042054176330566e-01 1.624852716922760010e-01 2.768805325031280518e-01 4.078162014484405518e-01 4.872066080570220947e-01 9.111539274454116821e-02 3.525960743427276611e-01 3.556371927261352539e-01 2.770490646362304688e-01 4.479764997959136963e-01 3.924126923084259033e-01 3.634160459041595459e-01 1.293731927871704102e-01 2.103130370378494263e-01 5.329575538635253906e-01 3.140254914760589600e-01 2.838295400142669678e-01 1.983146667480468750e-01 1.400497406721115112e-01 7.318483293056488037e-02 1.834527999162673950e-01 6.149500608444213867e-01 4.493859112262725830e-01 7.766204327344894409e-02 3.494913876056671143e-01 5.798146724700927734e-01 2.251769751310348511e-01 5.112560838460922241e-02 2.713368535041809082e-01 1.368914097547531128e-01 5.892316997051239014e-02 3.566343486309051514e-01 1.919665783643722534e-01 2.278357893228530884e-01 3.815477490425109863e-01 2.307945489883422852e-01 5.730091929435729980e-01 2.863146662712097168e-01 6.816693395376205444e-02 2.099006325006484985e-01 2.613273859024047852e-01 1.778984665870666504e-01 2.911485731601715088e-01 2.728109061717987061e-01 4.798225164413452148e-01 5.291676521301269531e-01 4.641014337539672852e-01 1.684965938329696655e-02 1.218578517436981201e-01 1.963514536619186401e-01 4.693798422813415527e-01 1.685476750135421753e-01 2.775756716728210449e-01 4.334649145603179932e-01 5.750282108783721924e-02 2.077122479677200317e-01 3.310043811798095703e-01 2.309601157903671265e-01 3.340042531490325928e-01
4.717347323894500732e-01 3.596012890338897705e-01 2.921905815601348877e-01 2.037495374679565430e-01 9.534280747175216675e-02 5.137609243392944336e-01 3.814077675342559814e-01 7.043083310127258301e-01 3.870452344417572021e-01 4.668050706386566162e-01 1.421010494232177734e-01 6.665871739387512207e-01 3.435277640819549561e-01 3.291809931397438049e-02 3.095032870769500732e-01 1.795608699321746826e-01 4.231715500354766846e-01 4.200234413146972656e-01 3.314436376094818115e-01 4.227038621902465820e-01 1.782276779413223267e-01 4.476085007190704346e-01 2.449208348989486694e-01 2.108424007892608643e-01 1.571066528558731079e-01 6.040405035018920898e-01 6.149218678474426270e-01 4.706376492977142334e-01 4.668799638748168945e-01 2.168285995721817017e-01 6.587344408035278320e-01 4.833355844020843506e-01 4.170835390686988831e-02 9.064310044050216675e-02 6.783086061477661133e-01 2.389086335897445679e-01 4.122055172920227051e-01 7.822955250740051270e-01 2.721229493618011475e-01 4.816403090953826904e-01 5.347999334335327148e-01 4.218895137310028076e-01 3.604277670383453369e-01 1.689983755350112915e-01 5.599102377891540527e-02 3.059470653533935547e-01 2.277242839336395264e-01 2.198069691658020020e-01 1.263835132122039795e-01 6.042470335960388184e-01 2.696601748466491699e-01 3.402622938156127930e-01 4.457577168941497803e-01 1.907332241535186768e-01 8.523137867450714111e-02 3.076429963111877441e-01 3.700292408466339111e-01 1.298909485340118408e-01 4.322654902935028076e-01 7.123601436614990234e-01 3.702176809310913086e-01 3.276122808456420898e-01 3.514410853385925293e-01 3.446300625801086426e-01 7.276611328125000000e-01 4.962673038244247437e-02 1.990042179822921753e-01 2.582911550998687744e-01 5.081534385681152344e-01 3.705646097660064697e-01 4.136134386062622070e-01 3.266791701316833496e-01 3.281354904174804688e-01 4.962053000926971436e-01 3.714076280593872070e-01 3.080903291702270508e-01 1.430633366107940674e-01 4.864808917045593262e-01 2.192911058664321899e-01 7.565033435821533203e-01 3.363739252090454102e-01 3.136816024780273438e-01 2.110026776790618896e-01 3.786683678627014160e-01 6.857694983482360840e-01 2.137463539838790894e-01 6.658496260643005371e-01 3.562522828578948975e-01 2.713588476181030273e-01 3.746413886547088623e-01 4.607421457767486572e-01 2.530885934829711914e-01 2.951109111309051514e-01 1.467591375112533569e-01 3.884519338607788086e-01 1.784061640501022339e-01 3.923674523830413818e-01 2.082143574953079224e-01 2.976490259170532227e-01 2.136901617050170898e-01
6.456357240676879883e-01 2.585924863815307617e-01 4.908155798912048340e-01 3.464863300323486328e-01 2.269406914710998535e-01 2.136962413787841797e-01 1.558439880609512329e-01 2.611176669597625732e-01 6.803427338600158691e-01 4.217101335525512695e-01 1.595163941383361816e-01 5.038715600967407227e-01 2.180135697126388550e-01 3.095032870769500732e-01 4.717791974544525146e-01 3.643522858619689941e-01 1.553953588008880615e-01 4.137371182441711426e-01 2.242443263530731201e-01 3.327887356281280518e-01 6.168121099472045898e-01 1.659069955348968506e-01 2.854871153831481934e-01 1.945676356554031372e-01 4.548689424991607666e-01 8.365366458892822266e-01 5.827555060386657715e-01 2.510363757610321045e-01 3.224438428878784180e-01 4.680207669734954834e-01 4.497126638889312744e-01 3.163411915302276611e-01 2.279167175292968750e-01 6.887353658676147461e-01 2.776580452919006348e-01 2.049804478883743286e-01 2.592012882232666016e-01 2.815388441085815430e-01 2.169056087732315063e-01 5.050576925277709961e-01 2.256515920162200928e-01 2.629942595958709717e-01 3.250728249549865723e-01 4.748122096061706543e-01 3.375285565853118896e-01 3.073721826076507568e-01 2.551613152027130127e-01 1.873824298381805420e-01 2.067274749279022217e-01 5.754945278167724609e-01 2.383566647768020630e-01 2.811270058155059814e-01 4.765662848949432373e-01 3.134847879409790039e-01 1.319672316312789917e-01 2.919041812419891357e-01 3.118675649166107178e-01 2.748435437679290771e-01 2.434368878602981567e-01 1.305347681045532227e-01 6.315601468086242676e-01 3.128458261489868164e-01 4.215949177742004395e-01 1.782674193382263184e-01 1.492123156785964966e-01 4.980947077274322510e-01 1.860063821077346802e-01 3.192201256752014160e-01 3.045418262481689453e-01 3.813132941722869873e-01 4.118942022323608398e-01 4.814272522926330566e-01 2.467489987611770630e-01 1.271142959594726562e-01 3.628869652748107910e-01 3.049822449684143066e-01 5.217000246047973633e-01 1.971187740564346313e-01 1.419970095157623291e-01 3.642579317092895508e-01 5.260730981826782227e-01 9.781861305236816406e-02 3.532863557338714600e-01 1.632776707410812378e-01 4.079593122005462646e-01 4.264146685600280762e-01 4.208087325096130371e-01 5.758435130119323730e-01 3.188140988349914551e-01 4.828261435031890869e-01 2.949046194553375244e-01 1.965909153223037720e-01 4.776655137538909912e-01 2.644951343536376953e-01 4.344890713691711426e-01 2.495856583118438721e-01 1.372397094964981079e-01 5.177692174911499023e-01 2.433952242136001587e-01 2.759626805782318115e-01
3.259587585926055908e-01 5.216242745518684387e-02 3.103803992271423340e-01 5.013996362686157227e-01 1.366974115371704102e-01 9.217466413974761963e-02 3.401648402214050293e-01 1.228091344237327576e-01 3.821982145309448242e-01 2.572086751461029053e-01 1.398351937532424927e-01 2.609789669513702393e-01 3.424623906612396240e-01 1.795608699321746826e-01 3.643522858619689941e-01 7.782655954360961914e-01 3.778056800365447998e-01 1.538173109292984009e-01 9.768147766590118408e-02 1.789786666631698608e-01 4.578187465667724609e-01 3.275159299373626709e-01 2.832215130329132080e-01 2.637362778186798096e-01 2.651365697383880615e-01 7.234687209129333496e-01 3.026208281517028809e-01 1.176789030432701111e-01 2.890337109565734863e-01 2.484780102968215942e-01 5.342677235603332520e-01 4.583203792572021484e-01 4.001171290874481201e-01 3.345809578895568848e-01 2.091195434331893921e-01 5.410384535789489746e-01 9.063321352005004883e-02 1.590420752763748169e-01 1.279317140579223633e-01 1.728949844837188721e-01 3.136669695377349854e-01 3.571932911872863770e-01 1.276451945304870605e-01 2.722238898277282715e-01 2.421283572912216187e-01 1.796889305114746094e-01 5.463593602180480957e-01 2.505958974361419678e-01 1.510538905858993530e-01 7.680162042379379272e-02 8.906706422567367554e-02 2.689569294452667236e-01 3.004383742809295654e-01 1.370926499366760254e-01 8.338936567306518555e-01 2.639968097209930420e-01 4.460088610649108887e-01 2.044202983379364014e-01 2.626469731330871582e-01 7.903863489627838135e-02 4.118197560310363770e-01 5.790685117244720459e-02 4.808083772659301758e-01 1.500935405492782593e-01 3.303850293159484863e-01 4.742701947689056396e-01 5.341793298721313477e-01 4.096273481845855713e-01 3.441471755504608154e-01 2.115202695131301880e-01 5.366742610931396484e-01 1.620780229568481445e-01 4.490800797939300537e-01 2.056795805692672729e-01 4.122004210948944092e-01 3.202671408653259277e-01 3.465200066566467285e-01 2.502994537353515625e-01 5.136901140213012695e-01 3.468980491161346436e-01 1.313852220773696899e-01 9.407531470060348511e-02 1.307651102542877197e-01 4.172797203063964844e-01 4.168494939804077148e-01 2.898302078247070312e-01 3.131127953529357910e-01 3.576450049877166748e-01 5.009878277778625488e-01 2.874010503292083740e-01 5.500380992889404297e-01 4.793623089790344238e-01 4.432428777217864990e-01 2.675935328006744385e-01 1.672949492931365967e-01 1.661210358142852783e-01 2.970746159553527832e-01 2.849644422531127930e-01 3.368058800697326660e-01 4.829690158367156982e-01
